data;

param n := 80;

param : E  : t :=
	1 3   1.814
	1 6   9.028
	1 7   9.858
	1 11   9.810
	1 13   6.993
	1 15   2.416
	1 16   9.735
	1 18   5.971
	1 20   2.350
	1 21   6.333
	1 23   4.883
	1 24   1.548
	1 25   3.016
	1 27   8.694
	1 28   2.904
	1 30   2.950
	1 32   3.696
	1 33   4.727
	1 38   4.636
	1 39   8.005
	1 40   7.713
	1 41   9.410
	1 42   8.459
	1 45   7.120
	1 46   7.349
	1 47   1.220
	1 48   5.348
	1 49   9.576
	1 51   7.477
	1 52   2.063
	1 56   7.023
	1 58   1.712
	1 59   8.975
	1 60   9.134
	1 62   3.715
	1 63   3.867
	1 65   5.498
	1 67   2.537
	1 68   1.892
	1 70   3.646
	1 71   5.698
	1 72   8.219
	1 73   2.932
	1 74   8.712
	1 76   1.663
	1 80   6.007
	2 5   9.938
	2 6   5.306
	2 8   6.465
	2 11   3.262
	2 12   4.856
	2 13   2.843
	2 22   6.467
	2 24   8.752
	2 25   5.489
	2 27   3.442
	2 30   3.608
	2 31   2.758
	2 33   2.527
	2 37   4.925
	2 38   7.392
	2 40   5.087
	2 41   2.465
	2 42   3.847
	2 43   5.827
	2 46   6.089
	2 54   9.018
	2 57   1.731
	2 61   8.171
	2 62   1.244
	2 64   9.073
	2 70   5.255
	2 71   2.038
	2 72   1.306
	2 73   6.315
	2 74   4.922
	2 75   5.743
	2 78   8.633
	2 79   7.579
	2 80   4.614
	3 5   2.267
	3 7   5.760
	3 9   3.397
	3 10   8.414
	3 11   8.567
	3 12   7.404
	3 13   1.027
	3 14   3.273
	3 16   2.436
	3 18   9.885
	3 19   3.222
	3 20   8.304
	3 21   2.372
	3 24   9.054
	3 27   4.198
	3 28   3.593
	3 29   4.521
	3 32   2.060
	3 33   5.769
	3 37   4.518
	3 40   3.697
	3 43   3.274
	3 44   1.498
	3 45   1.907
	3 46   1.052
	3 48   3.183
	3 49   9.323
	3 51   5.760
	3 54   9.040
	3 55   1.477
	3 58   8.994
	3 59   2.066
	3 61   6.142
	3 62   7.691
	3 63   8.517
	3 65   9.565
	3 66   3.476
	3 69   1.585
	3 70   8.438
	3 71   4.807
	3 73   1.121
	3 74   3.373
	3 75   4.785
	3 76   5.504
	3 77   1.581
	3 79   8.184
	3 80   6.564
	4 5   9.675
	4 6   5.034
	4 8   5.946
	4 11   2.725
	4 13   4.088
	4 15   5.130
	4 16   1.930
	4 18   2.650
	4 19   3.296
	4 20   1.839
	4 21   9.548
	4 22   5.694
	4 23   5.177
	4 24   1.085
	4 25   2.095
	4 26   6.737
	4 27   7.661
	4 30   8.216
	4 31   1.006
	4 32   3.756
	4 34   5.942
	4 37   6.344
	4 43   9.286
	4 44   2.674
	4 45   9.674
	4 46   2.366
	4 47   2.009
	4 48   9.416
	4 51   2.045
	4 52   1.381
	4 54   2.870
	4 57   4.692
	4 61   5.084
	4 62   7.119
	4 63   3.100
	4 64   5.572
	4 65   1.535
	4 68   6.174
	4 70   9.991
	4 72   9.764
	4 73   1.523
	4 74   4.473
	4 76   4.680
	4 78   5.820
	5 7   3.899
	5 8   1.892
	5 9   9.231
	5 11   1.602
	5 13   1.531
	5 14   9.377
	5 15   9.000
	5 19   4.224
	5 20   6.947
	5 21   4.890
	5 22   6.315
	5 25   2.077
	5 26   8.674
	5 27   5.787
	5 28   2.784
	5 29   4.067
	5 30   7.887
	5 31   8.076
	5 32   1.106
	5 34   9.979
	5 37   6.046
	5 38   4.520
	5 39   4.414
	5 40   3.325
	5 42   7.391
	5 45   8.472
	5 46   6.945
	5 50   1.006
	5 52   2.169
	5 53   4.366
	5 55   1.518
	5 57   6.126
	5 60   5.591
	5 61   6.246
	5 65   3.177
	5 66   6.065
	5 67   6.496
	5 68   8.222
	5 71   2.311
	5 73   9.095
	5 76   7.618
	5 77   7.097
	5 79   4.897
	5 80   7.982
	6 7   1.684
	6 8   9.619
	6 11   4.823
	6 12   1.419
	6 14   9.051
	6 17   2.564
	6 18   2.167
	6 19   7.964
	6 21   4.793
	6 23   5.166
	6 27   6.763
	6 33   7.428
	6 37   4.673
	6 39   9.471
	6 40   5.281
	6 41   2.192
	6 44   9.522
	6 45   4.654
	6 49   7.958
	6 56   4.574
	6 58   6.860
	6 59   7.661
	6 62   4.708
	6 65   6.065
	6 66   3.340
	6 68   2.409
	6 70   1.120
	6 72   7.318
	6 73   2.840
	6 74   1.843
	6 75   7.918
	6 76   9.600
	6 77   4.921
	6 78   9.603
	6 79   5.668
	7 8   5.715
	7 9   4.283
	7 12   6.645
	7 13   7.251
	7 17   2.796
	7 18   9.182
	7 20   9.854
	7 22   1.792
	7 25   4.962
	7 26   8.005
	7 27   5.162
	7 28   4.168
	7 30   9.123
	7 38   3.120
	7 41   6.201
	7 42   9.487
	7 43   8.709
	7 44   8.678
	7 46   4.467
	7 48   2.081
	7 50   6.863
	7 56   8.124
	7 58   2.893
	7 60   3.699
	7 61   6.682
	7 64   4.424
	7 66   6.756
	7 67   8.426
	7 68   2.145
	7 70   3.950
	7 71   1.950
	7 75   3.773
	8 14   5.697
	8 18   1.904
	8 21   9.420
	8 25   4.889
	8 29   4.375
	8 33   3.116
	8 35   8.577
	8 36   9.049
	8 40   7.431
	8 43   2.132
	8 44   5.908
	8 48   9.926
	8 52   2.515
	8 54   5.358
	8 55   1.149
	8 57   4.594
	8 60   7.360
	8 61   8.771
	8 62   6.332
	8 65   1.052
	8 66   9.842
	8 67   1.361
	8 70   9.526
	8 71   5.177
	8 74   5.623
	8 75   3.973
	8 76   6.318
	8 77   8.548
	8 80   5.804
	9 10   5.551
	9 12   2.853
	9 13   1.169
	9 15   2.995
	9 19   7.170
	9 20   9.165
	9 21   4.320
	9 22   3.759
	9 23   1.800
	9 26   6.766
	9 27   9.034
	9 28   8.091
	9 30   1.871
	9 32   6.290
	9 36   3.041
	9 38   2.605
	9 39   3.885
	9 40   6.435
	9 41   3.687
	9 42   7.067
	9 43   8.511
	9 47   4.312
	9 48   4.260
	9 49   5.553
	9 51   9.120
	9 52   5.401
	9 53   1.064
	9 56   7.599
	9 57   4.478
	9 58   9.573
	9 59   8.801
	9 63   7.304
	9 68   3.152
	9 69   1.566
	9 71   6.266
	9 72   2.098
	9 75   9.482
	9 76   5.840
	10 11   7.959
	10 13   4.957
	10 15   4.102
	10 16   8.799
	10 17   5.342
	10 19   6.838
	10 22   2.353
	10 23   8.862
	10 24   6.648
	10 30   8.360
	10 31   9.918
	10 32   5.317
	10 34   9.761
	10 35   2.398
	10 39   1.121
	10 43   7.838
	10 46   8.052
	10 47   8.873
	10 48   3.609
	10 49   5.287
	10 50   8.501
	10 51   3.108
	10 53   6.573
	10 54   8.229
	10 56   2.009
	10 57   9.076
	10 63   7.795
	10 65   6.658
	10 66   1.385
	10 68   9.791
	10 69   9.843
	10 70   3.529
	10 72   4.760
	10 73   2.691
	10 74   5.626
	10 78   9.082
	11 12   9.425
	11 22   5.112
	11 23   9.095
	11 25   7.922
	11 26   3.636
	11 27   9.795
	11 33   3.137
	11 34   5.339
	11 36   7.495
	11 37   2.522
	11 39   9.976
	11 40   2.535
	11 42   6.072
	11 44   8.818
	11 46   4.273
	11 51   9.628
	11 52   8.541
	11 53   6.877
	11 55   9.577
	11 56   9.274
	11 58   8.132
	11 59   4.126
	11 61   5.864
	11 65   9.681
	11 67   4.487
	11 68   2.324
	11 70   7.841
	11 71   8.030
	11 73   5.076
	11 75   3.596
	11 77   1.696
	11 78   5.699
	11 80   7.353
	12 20   9.184
	12 21   7.463
	12 23   9.667
	12 24   5.121
	12 25   4.465
	12 27   2.027
	12 28   4.825
	12 29   4.866
	12 30   9.684
	12 32   1.278
	12 33   8.891
	12 35   4.320
	12 36   5.431
	12 38   2.157
	12 41   9.211
	12 44   4.524
	12 46   9.704
	12 50   4.064
	12 51   7.273
	12 52   1.142
	12 54   2.252
	12 56   9.716
	12 61   4.965
	12 62   8.058
	12 63   8.628
	12 64   5.590
	12 65   1.529
	12 66   5.199
	12 68   6.738
	12 69   7.401
	12 73   5.555
	12 75   6.774
	12 77   5.301
	12 78   2.484
	12 79   6.436
	12 80   7.164
	13 14   4.948
	13 15   2.958
	13 18   8.176
	13 19   3.172
	13 22   1.268
	13 23   7.211
	13 26   9.980
	13 30   9.453
	13 32   1.273
	13 35   7.026
	13 36   7.034
	13 37   6.767
	13 39   9.128
	13 42   6.712
	13 43   1.524
	13 46   7.991
	13 47   9.442
	13 48   8.221
	13 49   5.303
	13 50   7.711
	13 51   7.967
	13 52   8.876
	13 53   5.371
	13 54   9.547
	13 58   9.531
	13 59   9.589
	13 60   2.562
	13 61   2.659
	13 62   8.861
	13 64   3.811
	13 65   5.065
	13 66   7.780
	13 67   5.176
	13 68   2.632
	13 74   1.047
	13 75   5.653
	13 76   8.207
	13 78   6.305
	13 80   8.617
	14 17   9.134
	14 18   6.007
	14 22   5.151
	14 23   4.197
	14 26   4.463
	14 30   7.081
	14 32   5.621
	14 34   1.459
	14 39   4.331
	14 40   4.762
	14 41   7.602
	14 42   5.034
	14 44   1.300
	14 45   5.490
	14 48   5.802
	14 50   7.260
	14 52   1.676
	14 54   4.364
	14 56   7.008
	14 59   1.206
	14 60   6.324
	14 61   3.830
	14 63   5.472
	14 64   4.755
	14 66   2.523
	14 67   4.125
	14 68   4.976
	14 72   7.699
	14 73   5.604
	14 74   8.632
	14 79   2.910
	15 20   2.473
	15 22   3.741
	15 24   1.986
	15 25   3.205
	15 26   1.255
	15 27   4.626
	15 29   8.379
	15 31   6.736
	15 32   8.579
	15 35   4.850
	15 37   5.757
	15 38   8.799
	15 39   3.177
	15 41   1.761
	15 42   6.254
	15 43   7.665
	15 45   8.403
	15 46   2.935
	15 47   5.523
	15 48   3.699
	15 50   1.954
	15 54   7.395
	15 55   5.575
	15 58   1.750
	15 61   2.587
	15 63   5.713
	15 64   2.283
	15 65   9.599
	15 68   9.013
	15 70   4.391
	15 74   5.361
	15 78   2.586
	15 79   4.112
	16 17   4.548
	16 21   7.797
	16 25   5.655
	16 26   3.643
	16 27   4.044
	16 28   5.258
	16 29   8.298
	16 30   3.283
	16 32   9.384
	16 33   1.376
	16 35   2.770
	16 37   7.070
	16 38   9.359
	16 39   2.766
	16 41   9.093
	16 43   5.028
	16 45   1.612
	16 48   9.101
	16 50   1.594
	16 51   5.138
	16 53   9.895
	16 56   2.384
	16 57   2.537
	16 58   1.862
	16 63   7.244
	16 64   2.120
	16 65   1.720
	16 66   5.383
	16 72   3.865
	16 73   7.346
	16 78   1.288
	16 79   9.816
	16 80   9.102
	17 20   9.685
	17 21   6.114
	17 22   9.202
	17 24   1.466
	17 29   1.733
	17 31   1.537
	17 32   5.579
	17 34   4.928
	17 41   7.072
	17 47   2.513
	17 48   9.196
	17 52   6.235
	17 53   3.664
	17 54   6.570
	17 58   7.059
	17 60   8.606
	17 63   4.276
	17 66   9.199
	17 68   9.644
	17 69   6.283
	17 70   8.962
	17 71   6.678
	17 72   6.893
	17 74   7.397
	17 75   5.002
	17 77   8.436
	17 80   7.595
	18 19   7.994
	18 20   1.303
	18 21   1.527
	18 25   1.979
	18 26   5.559
	18 28   1.099
	18 33   2.074
	18 35   9.113
	18 36   2.351
	18 38   7.074
	18 39   9.304
	18 40   3.329
	18 42   5.279
	18 44   3.666
	18 45   4.863
	18 47   9.512
	18 49   2.162
	18 53   4.602
	18 54   7.597
	18 55   3.889
	18 57   6.646
	18 59   5.481
	18 62   7.315
	18 63   5.950
	18 64   7.146
	18 66   2.126
	18 69   5.525
	18 71   7.124
	18 74   8.357
	18 76   9.468
	18 77   7.685
	18 78   1.200
	18 79   4.572
	19 20   6.753
	19 22   1.418
	19 23   1.840
	19 25   4.804
	19 26   9.060
	19 29   5.500
	19 31   7.638
	19 33   2.484
	19 36   2.333
	19 41   3.551
	19 44   7.001
	19 45   1.833
	19 47   9.528
	19 48   9.336
	19 54   8.076
	19 56   8.284
	19 57   8.014
	19 60   8.250
	19 62   4.675
	19 66   6.051
	19 67   6.507
	19 68   7.085
	19 69   8.768
	19 70   1.944
	19 71   6.127
	19 72   9.550
	19 75   1.675
	19 76   4.509
	19 77   8.054
	19 78   6.647
	19 80   3.651
	20 23   7.630
	20 24   3.224
	20 27   1.717
	20 29   8.456
	20 30   4.142
	20 31   2.457
	20 32   4.817
	20 34   3.632
	20 35   7.843
	20 36   4.235
	20 38   5.244
	20 39   4.344
	20 40   7.739
	20 42   1.779
	20 43   8.386
	20 46   9.402
	20 47   7.382
	20 48   5.332
	20 49   6.677
	20 51   3.307
	20 52   1.195
	20 53   6.206
	20 54   1.414
	20 57   3.860
	20 59   9.996
	20 60   9.702
	20 64   7.393
	20 69   3.873
	20 70   8.094
	20 72   9.576
	20 76   6.574
	20 77   4.620
	20 79   3.677
	21 22   4.254
	21 24   1.934
	21 28   2.633
	21 29   9.175
	21 31   9.581
	21 32   8.406
	21 33   4.113
	21 36   5.659
	21 37   6.255
	21 40   7.844
	21 41   1.398
	21 42   1.570
	21 45   3.582
	21 49   7.500
	21 51   8.438
	21 53   5.254
	21 54   3.468
	21 55   6.540
	21 57   6.187
	21 62   6.320
	21 64   8.004
	21 66   4.135
	21 67   2.256
	21 68   5.222
	21 70   7.708
	21 71   9.504
	21 73   8.274
	21 74   3.258
	21 75   9.242
	21 77   8.178
	21 80   9.947
	22 31   4.243
	22 32   9.333
	22 36   1.109
	22 39   9.222
	22 43   4.239
	22 45   9.827
	22 46   6.760
	22 49   9.277
	22 51   5.831
	22 53   3.935
	22 54   4.249
	22 55   8.149
	22 56   1.425
	22 57   2.135
	22 59   6.709
	22 64   2.697
	22 65   2.778
	22 66   6.229
	22 70   1.209
	22 71   9.080
	22 75   9.951
	22 77   6.823
	22 78   1.914
	23 24   3.608
	23 26   5.027
	23 27   5.555
	23 31   2.378
	23 32   9.347
	23 33   9.765
	23 34   1.059
	23 35   1.755
	23 40   7.232
	23 41   6.498
	23 42   2.694
	23 47   5.787
	23 49   4.433
	23 51   1.381
	23 52   5.539
	23 53   6.903
	23 54   3.035
	23 56   6.265
	23 58   6.255
	23 59   6.024
	23 61   3.877
	23 64   3.679
	23 65   5.383
	23 67   7.885
	23 70   2.267
	23 71   7.673
	23 72   1.169
	23 75   8.385
	23 76   8.440
	23 77   2.023
	23 78   5.181
	23 79   9.303
	24 25   8.086
	24 26   2.634
	24 27   8.983
	24 29   2.066
	24 31   1.239
	24 33   7.134
	24 34   3.245
	24 37   5.626
	24 39   3.926
	24 40   9.824
	24 41   7.475
	24 42   8.214
	24 43   7.859
	24 44   7.393
	24 45   9.506
	24 46   9.668
	24 48   2.284
	24 52   7.155
	24 54   5.280
	24 55   2.469
	24 57   3.635
	24 60   9.124
	24 61   1.941
	24 62   2.741
	24 63   4.174
	24 64   4.799
	24 66   6.366
	24 67   3.972
	24 68   9.190
	24 69   1.883
	24 73   6.643
	24 74   4.815
	24 75   2.335
	24 76   8.241
	24 77   4.126
	24 79   6.377
	24 80   5.168
	25 26   4.488
	25 27   5.077
	25 30   1.118
	25 34   1.134
	25 37   5.997
	25 42   8.371
	25 49   1.710
	25 50   8.289
	25 51   4.770
	25 52   6.695
	25 53   3.657
	25 56   6.911
	25 60   9.904
	25 61   5.107
	25 62   5.166
	25 63   1.884
	25 64   7.183
	25 66   1.335
	25 68   2.170
	25 70   5.313
	25 71   7.543
	25 72   5.819
	25 74   5.235
	25 75   1.732
	25 76   5.301
	25 77   2.855
	25 80   5.996
	26 29   5.140
	26 31   3.015
	26 33   4.191
	26 34   9.148
	26 35   9.977
	26 36   4.592
	26 39   5.132
	26 40   4.922
	26 41   1.208
	26 42   2.581
	26 43   2.493
	26 44   5.292
	26 45   9.927
	26 47   9.170
	26 48   5.552
	26 49   1.028
	26 50   2.345
	26 54   6.344
	26 56   1.039
	26 57   4.911
	26 61   4.440
	26 64   4.824
	26 65   2.101
	26 68   1.397
	26 73   4.355
	26 76   4.483
	26 78   5.195
	26 79   1.104
	26 80   4.567
	27 32   8.711
	27 35   4.844
	27 38   7.796
	27 39   3.904
	27 40   4.453
	27 46   2.890
	27 47   5.741
	27 48   9.740
	27 51   6.516
	27 52   6.449
	27 53   3.850
	27 56   5.863
	27 57   5.090
	27 63   5.365
	27 65   8.668
	27 68   3.282
	27 71   2.659
	27 73   6.025
	27 76   8.787
	27 78   5.084
	27 79   9.922
	27 80   7.769
	28 29   3.860
	28 34   1.156
	28 36   6.264
	28 37   6.479
	28 38   5.630
	28 40   2.546
	28 41   9.823
	28 42   3.045
	28 43   4.696
	28 44   2.244
	28 45   1.666
	28 46   3.429
	28 48   9.616
	28 49   7.755
	28 50   9.255
	28 51   1.757
	28 53   2.870
	28 61   9.463
	28 62   3.656
	28 65   4.333
	28 69   7.611
	28 70   8.915
	28 72   1.917
	28 76   7.682
	28 77   6.247
	28 80   9.564
	29 31   3.367
	29 33   2.070
	29 34   5.757
	29 35   1.198
	29 36   1.111
	29 37   2.141
	29 38   5.528
	29 40   8.455
	29 41   9.360
	29 43   9.499
	29 45   3.509
	29 48   1.550
	29 49   2.949
	29 50   3.594
	29 51   6.116
	29 52   2.988
	29 53   5.148
	29 54   1.262
	29 60   4.056
	29 61   6.984
	29 64   3.794
	29 66   1.593
	29 67   3.925
	29 69   4.913
	29 71   2.388
	29 72   3.164
	29 74   1.021
	29 79   8.030
	29 80   7.935
	30 31   7.204
	30 33   3.143
	30 35   1.884
	30 36   1.433
	30 37   9.041
	30 38   4.748
	30 39   9.533
	30 40   9.260
	30 42   4.293
	30 46   7.810
	30 48   3.660
	30 49   7.079
	30 50   5.147
	30 51   4.966
	30 53   8.522
	30 55   7.221
	30 56   8.509
	30 57   3.662
	30 60   5.999
	30 63   4.067
	30 68   1.772
	30 69   6.678
	30 70   4.993
	30 76   5.661
	30 78   2.008
	30 79   7.428
	31 32   1.393
	31 33   2.088
	31 34   9.294
	31 37   7.130
	31 39   9.224
	31 43   2.723
	31 44   8.272
	31 45   4.228
	31 46   6.374
	31 49   4.111
	31 51   7.948
	31 54   4.633
	31 55   1.929
	31 60   5.678
	31 62   2.828
	31 63   7.550
	31 68   8.199
	31 70   3.562
	31 71   7.855
	31 72   2.004
	31 74   1.677
	31 76   1.621
	31 79   1.647
	32 34   8.196
	32 38   3.138
	32 39   7.857
	32 43   3.000
	32 48   6.736
	32 51   5.216
	32 52   8.788
	32 54   6.676
	32 55   2.059
	32 56   6.943
	32 58   6.762
	32 59   9.982
	32 60   5.607
	32 61   6.161
	32 66   9.231
	32 67   6.463
	32 68   8.172
	32 70   7.323
	32 71   2.306
	32 72   4.533
	32 73   2.473
	32 75   3.493
	32 76   8.376
	32 77   6.576
	32 78   4.642
	32 79   5.490
	32 80   2.116
	33 38   9.930
	33 39   8.695
	33 41   8.973
	33 43   8.203
	33 44   9.201
	33 51   3.930
	33 52   8.200
	33 53   9.446
	33 55   3.252
	33 56   2.088
	33 57   7.881
	33 58   9.561
	33 59   8.588
	33 60   7.908
	33 63   3.953
	33 64   4.595
	33 65   5.670
	33 70   4.409
	33 71   8.879
	33 72   5.618
	33 74   7.276
	33 80   9.079
	34 35   1.411
	34 36   8.930
	34 40   4.966
	34 42   3.163
	34 44   3.804
	34 45   1.403
	34 46   9.331
	34 51   3.161
	34 55   2.677
	34 56   1.439
	34 57   8.936
	34 61   5.046
	34 62   8.400
	34 63   1.592
	34 64   6.888
	34 66   9.778
	34 68   5.255
	34 69   8.444
	34 71   7.103
	34 72   8.439
	34 75   6.653
	34 76   2.869
	35 36   1.521
	35 37   9.571
	35 39   1.811
	35 40   9.807
	35 44   1.610
	35 48   4.530
	35 50   6.881
	35 53   6.598
	35 54   8.257
	35 55   7.262
	35 56   5.546
	35 59   7.699
	35 60   9.802
	35 61   5.404
	35 63   1.097
	35 65   6.365
	35 66   6.377
	35 70   6.592
	35 71   5.651
	35 73   7.937
	35 74   4.875
	35 75   6.796
	35 77   9.492
	35 79   6.177
	36 37   5.829
	36 40   7.908
	36 42   4.247
	36 47   7.127
	36 49   5.704
	36 53   5.237
	36 56   7.571
	36 58   9.360
	36 60   7.063
	36 61   3.686
	36 62   4.664
	36 64   1.202
	36 65   3.392
	36 67   1.492
	36 68   8.095
	36 69   5.360
	36 70   2.977
	36 71   2.687
	36 72   2.514
	36 74   9.910
	36 75   8.142
	36 76   2.608
	36 78   3.581
	37 39   3.051
	37 41   7.815
	37 43   1.763
	37 48   2.730
	37 53   5.787
	37 55   5.978
	37 56   1.118
	37 57   2.953
	37 58   1.343
	37 59   4.069
	37 60   5.392
	37 61   9.168
	37 65   3.658
	37 73   3.749
	37 75   7.469
	37 77   8.251
	37 79   6.102
	37 80   1.960
	38 39   1.547
	38 40   9.832
	38 41   3.194
	38 43   2.892
	38 44   3.543
	38 45   4.287
	38 47   8.435
	38 49   8.007
	38 50   2.005
	38 51   5.847
	38 52   1.800
	38 54   5.964
	38 55   9.863
	38 57   2.662
	38 59   7.282
	38 61   8.783
	38 62   1.844
	38 63   4.220
	38 64   7.240
	38 66   1.327
	38 67   8.943
	38 68   2.396
	38 69   3.891
	38 70   8.065
	38 73   7.845
	38 74   5.313
	38 78   7.440
	38 79   7.445
	38 80   6.180
	39 40   4.627
	39 42   6.834
	39 48   5.581
	39 52   7.937
	39 56   3.596
	39 57   7.934
	39 58   6.623
	39 59   7.092
	39 62   3.571
	39 63   8.368
	39 64   6.394
	39 67   9.667
	39 69   7.846
	39 71   1.122
	39 72   1.720
	39 74   8.462
	39 79   5.715
	39 80   8.822
	40 41   1.077
	40 43   5.814
	40 45   1.073
	40 46   2.709
	40 47   3.630
	40 48   9.221
	40 49   8.918
	40 50   5.040
	40 51   2.283
	40 52   8.457
	40 53   8.682
	40 55   3.947
	40 56   1.758
	40 57   6.588
	40 58   9.255
	40 59   5.078
	40 62   5.501
	40 64   3.137
	40 65   1.273
	40 66   3.886
	40 67   4.016
	40 68   5.080
	40 70   3.107
	40 71   6.009
	40 72   6.169
	40 73   7.881
	40 74   7.685
	40 75   1.524
	40 78   1.123
	40 79   2.666
	41 44   8.899
	41 45   2.320
	41 47   4.835
	41 48   3.149
	41 52   6.498
	41 54   7.896
	41 55   4.393
	41 56   6.547
	41 58   7.199
	41 59   4.133
	41 60   8.853
	41 61   2.542
	41 62   1.802
	41 63   3.950
	41 64   5.710
	41 65   8.316
	41 66   4.396
	41 68   7.830
	41 69   7.561
	41 72   4.869
	41 74   7.256
	41 76   5.041
	41 77   6.313
	41 78   5.107
	41 79   7.759
	42 43   1.324
	42 47   2.279
	42 48   4.884
	42 51   4.249
	42 54   8.889
	42 55   5.850
	42 56   5.848
	42 57   1.566
	42 62   2.629
	42 63   6.320
	42 64   8.341
	42 65   7.447
	42 66   5.546
	42 71   9.156
	42 72   1.797
	42 73   4.736
	42 75   8.591
	42 78   2.008
	42 79   1.745
	43 44   1.944
	43 45   4.671
	43 46   6.092
	43 47   7.170
	43 48   7.801
	43 49   5.431
	43 50   6.953
	43 56   9.506
	43 57   2.741
	43 58   9.026
	43 62   1.027
	43 64   9.164
	43 67   8.717
	43 68   7.305
	43 70   2.650
	43 73   1.203
	43 75   2.743
	43 76   8.696
	43 77   2.232
	43 78   9.698
	43 79   4.979
	44 47   5.027
	44 49   3.000
	44 51   5.674
	44 52   5.173
	44 54   7.352
	44 55   5.847
	44 56   2.743
	44 57   7.778
	44 58   1.742
	44 59   3.213
	44 61   9.976
	44 62   5.404
	44 63   5.042
	44 64   1.957
	44 66   9.687
	44 67   4.713
	44 69   6.630
	44 70   7.260
	44 71   9.813
	44 73   5.969
	44 74   6.860
	44 76   8.350
	44 77   2.749
	44 79   1.566
	44 80   5.901
	45 49   2.786
	45 52   5.279
	45 54   8.823
	45 55   5.822
	45 58   4.206
	45 60   9.647
	45 61   4.735
	45 67   6.289
	45 68   8.247
	45 70   1.894
	45 71   7.558
	45 73   6.346
	45 75   8.291
	45 76   4.396
	45 77   1.163
	46 48   7.102
	46 52   4.992
	46 53   6.904
	46 56   3.542
	46 58   4.363
	46 59   8.622
	46 61   9.714
	46 64   3.815
	46 66   4.359
	46 70   4.091
	46 72   9.383
	46 74   9.778
	46 75   9.103
	46 76   3.256
	46 77   4.383
	46 80   7.443
	47 49   8.681
	47 51   1.159
	47 53   8.170
	47 55   2.524
	47 60   9.437
	47 61   8.752
	47 62   9.578
	47 63   3.015
	47 64   6.990
	47 65   3.246
	47 67   5.645
	47 68   2.945
	47 69   3.084
	47 70   4.449
	47 72   8.083
	47 77   4.908
	47 78   5.655
	47 80   4.693
	48 49   9.337
	48 50   2.604
	48 52   7.075
	48 53   7.295
	48 54   1.759
	48 60   5.337
	48 61   4.669
	48 62   7.976
	48 67   3.271
	48 68   6.855
	48 70   4.704
	48 73   2.187
	48 74   4.529
	48 75   7.972
	48 77   6.281
	48 78   9.894
	48 80   2.744
	49 50   5.655
	49 51   1.982
	49 52   8.683
	49 53   9.528
	49 54   8.803
	49 58   5.261
	49 60   8.545
	49 63   6.667
	49 66   4.922
	49 68   9.174
	49 69   8.267
	49 70   1.248
	49 73   2.227
	49 76   8.135
	49 77   8.160
	49 78   3.146
	49 79   5.969
	50 51   9.875
	50 52   4.784
	50 53   4.933
	50 54   7.181
	50 56   1.617
	50 57   5.152
	50 59   5.619
	50 61   9.152
	50 63   9.944
	50 65   5.711
	50 66   9.334
	50 67   9.774
	50 68   3.493
	50 71   6.648
	50 72   9.253
	50 73   5.609
	50 74   3.162
	50 75   4.548
	50 77   4.485
	51 52   6.957
	51 53   2.057
	51 55   1.297
	51 56   8.963
	51 61   1.417
	51 62   8.141
	51 67   5.123
	51 68   3.718
	51 70   8.174
	51 71   8.380
	51 77   2.493
	52 56   6.686
	52 59   9.083
	52 61   8.183
	52 64   8.026
	52 65   2.979
	52 67   9.822
	52 69   8.212
	52 73   8.801
	52 74   7.677
	52 75   2.167
	52 76   6.303
	52 79   3.555
	52 80   3.760
	53 54   6.331
	53 56   7.654
	53 60   4.182
	53 61   7.473
	53 62   5.601
	53 63   1.699
	53 65   6.341
	53 68   6.311
	53 70   2.982
	53 71   7.020
	53 75   7.812
	53 79   8.937
	54 55   9.896
	54 56   6.458
	54 58   6.110
	54 59   8.083
	54 62   8.186
	54 63   7.758
	54 66   7.540
	54 70   7.223
	54 71   7.650
	54 75   5.277
	54 76   4.147
	54 77   8.445
	54 78   7.934
	54 79   5.926
	54 80   1.082
	55 58   2.245
	55 59   3.410
	55 61   4.396
	55 62   6.361
	55 63   3.385
	55 65   3.913
	55 67   9.864
	55 69   6.531
	55 71   9.286
	55 73   7.140
	55 74   7.785
	55 75   3.439
	55 76   5.654
	56 58   5.291
	56 59   5.872
	56 60   1.306
	56 63   1.216
	56 64   9.018
	56 66   8.930
	56 68   7.508
	56 70   8.280
	56 75   7.348
	56 79   8.164
	56 80   9.362
	57 58   8.154
	57 66   9.412
	57 69   7.045
	57 70   1.398
	57 76   8.350
	57 78   9.308
	57 79   8.788
	58 59   9.408
	58 60   2.109
	58 61   4.011
	58 62   1.904
	58 63   1.799
	58 65   9.747
	58 66   6.122
	58 68   8.750
	58 69   9.858
	58 70   1.366
	58 73   4.326
	58 76   1.623
	58 78   8.029
	59 60   7.394
	59 61   6.697
	59 64   2.494
	59 65   1.825
	59 66   8.808
	59 67   1.659
	59 70   8.783
	59 71   5.356
	59 72   6.514
	59 73   5.724
	59 74   8.441
	59 75   4.500
	59 76   7.889
	59 79   3.440
	59 80   5.530
	60 62   7.123
	60 64   9.823
	60 66   3.541
	60 68   5.512
	60 70   7.641
	60 72   1.336
	60 73   6.561
	60 74   1.796
	60 75   2.452
	60 76   7.034
	60 77   4.728
	61 62   6.297
	61 63   5.777
	61 65   5.002
	61 66   5.626
	61 69   1.103
	61 70   9.246
	61 71   6.237
	61 74   3.026
	61 76   7.701
	61 77   9.733
	61 78   1.487
	61 79   3.990
	61 80   2.647
	62 65   9.550
	62 66   6.439
	62 67   4.237
	62 68   5.203
	62 70   2.339
	62 72   4.647
	62 74   4.994
	62 76   3.996
	62 77   2.402
	63 64   2.612
	63 65   4.101
	63 66   6.123
	63 68   7.268
	63 69   10.000
	63 72   4.540
	63 76   5.019
	63 78   8.205
	63 80   2.365
	64 65   4.954
	64 69   8.140
	64 72   8.116
	64 73   6.072
	64 77   4.253
	64 78   9.673
	64 80   9.440
	65 66   9.675
	65 69   4.050
	65 70   2.434
	65 72   4.271
	65 77   7.259
	65 78   2.697
	65 79   7.949
	66 67   7.070
	66 68   4.157
	66 72   3.195
	66 76   7.627
	66 78   2.469
	67 68   8.219
	67 69   8.747
	67 70   4.538
	67 72   7.371
	67 74   1.235
	67 75   6.263
	67 78   6.940
	68 71   4.085
	68 72   6.546
	68 73   3.298
	68 78   5.748
	69 71   1.224
	69 74   3.463
	69 76   1.538
	69 78   9.184
	69 79   8.312
	69 80   9.151
	70 73   6.902
	70 74   6.585
	70 80   6.828
	71 72   5.746
	71 76   2.337
	72 73   3.059
	72 77   3.256
	72 78   9.251
	72 80   5.506
	73 74   3.703
	73 75   3.968
	74 75   4.881
	74 79   2.090
	75 77   4.165
	76 79   5.894
;
param T:= 2;
 param c:=
1	17
2	11
3	23
4	19
5	17
6	13
7	11
8	15
9	15
10	9
11	9
12	13
13	19
14	13
15	15
16	19
17	11
18	17
19	15
20	17
21	13
22	19
23	17
24	21
25	19
26	17
27	7
28	15
29	19
30	15
31	21
32	13
33	7
34	21
35	21
36	17
37	13
38	13
39	15
40	17
41	15
42	17
43	17
44	19
45	21
46	7
47	9
48	9
49	13
50	13
51	17
52	15
53	9
54	13
55	15
56	21
57	11
58	23
59	11
60	11
61	13
62	15
63	17
64	9
65	17
66	13
67	13
68	11
69	17
70	19
71	11
72	17
73	11
74	17
75	11
76	13
77	11
78	15
79	13
80	9
;
